
447708037804
447708037805
447708037806
447708037807
447708037808
447708037809
447708037810
447708037811
447708037812
447708037813
447708037814
447708037815
447708037816
447708037817
447708037818
447708037819
447708037820
447708037821
447708037822
447708037823
447708037824
447708037825
447708037826
447708037827
447708037828
447708037829
447708037830
447708037831
447708037832
447708037833
447708037834
447708037835
447708037836
447708037837
447708037838
447708037839
447708037840
447708037841
447708037842
447708037843
447708037844
447708037845
447708037846
447708037847
447708037848
447708037849
447708037850
447708037851
447708037852
447708037853
447708037854
447708037855
447708037856
447708037857
447708037858
447708037859
447708037860
447708037861
447708037862
447708037863
447708037864
447708037865
447708037866
447708037867
447708037868
447708037869
447708037870
447708037871
447708037872
447708037873
447708037874
447708037875
447708037876
447708037877
447708037878
447708037879
447708037880
447708037881
447708037882
447708037883
447708037884
447708037885
447708037886
447708037887
447708037888
447708037889
447708037890
447708037891
447708037892
447708037893
447708037894
447708037895
447708037896
447708037897
447708037898
447708037899
447708037900
447708037901
447708037902
447708037903
447708037904
447708037905
447708037906
447708037907
447708037908
447708037909
447708037910
447708037911
447708037912
447708037913
447708037914
447708037915
447708037916
447708037917
447708037918
447708037919
447708037920
447708037921
447708037922
447708037923
447708037924
447708037925
447708037926
447708037927
447708037928
447708037929
447708037930
447708037931
447708037932
447708037933
447708037934
447708037935
447708037936
447708037937
447708037938
447708037939
447708037940
447708037941
447708037942
447708037943
447708037944
447708037945
447708037946
447708037947
447708037948
447708037949
447708037950
447708037951
447708037952
447708037953
447708037954
447708037955
447708037956
447708037957
447708037958
447708037959
447708037960
447708037961
447708037962
447708037963
447708037964
447708037965
447708037966
447708037967
447708037968
447708037969
447708037970
447708037971
447708037972
447708037973
447708037974
447708037975
447708037976
447708037977
447708037978
447708037979
447708037980
447708037981
447708037982
447708037983
447708037984
447708037985
447708037986
447708037987
447708037988
447708037989
447708037990
447708037991
447708037992
447708037993
447708037994
447708037995
447708037996
447708037997
447708037998
447708037999
447708038000
447708038001
447708038002
447708038003
447708038004
447708038005
447708038006
447708038007
447708038008
447708038009
447708038010
447708038011
447708038012
447708038013
447708038014
447708038015
447708038016
447708038017
447708038018
447708038019
447708038020
447708038021
447708038022
447708038023
447708038024
447708038025
447708038026
447708038027
447708038028
447708038029
447708038030
447708038031
447708038032
447708038033
447708038034
447708038035
447708038036
447708038037
447708038038
447708038039
447708038040
447708038041
447708038042
447708038043
447708038044
447708038045
447708038046
447708038047
447708038048
447708038049
447708038050
447708038051
447708038052
447708038053
447708038054
447708038055
447708038056
447708038057
447708038058
447708038059
447708038060
447708038061
447708038062
447708038063
447708038064
447708038065
447708038066
447708038067
447708038068
447708038069
447708038070
447708038071
447708038072
447708038073
447708038074
447708038075
447708038076
447708038077
447708038078
447708038079
447708038080
447708038081
447708038082
447708038083
447708038084
447708038085
447708038086
447708038087
447708038088
447708038089
447708038090
447708038091
447708038092
447708038093
447708038094
447708038095
447708038096
447708038097
447708038098
447708038099
447708038100
447708038101
447708038102
447708038103
447708038104
447708038105
447708038106
447708038107
447708038108
447708038109
447708038110
447708038111
447708038112
447708038113
447708038114
447708038115
447708038116
447708038117
447708038118
447708038119
447708038120
447708038121
447708038122
447708038123
447708038124
447708038125
447708038126
447708038127
447708038128
447708038129
447708038130
447708038131
447708038132
447708038133
447708038134
447708038135
447708038136
447708038137
447708038138
447708038139
447708038140
447708038141
447708038142
447708038143
447708038144
447708038145
447708038146
447708038147
447708038148
447708038149
447708038150
447708038151
447708038152
447708038153
447708038154
447708038155
447708038156
447708038157
447708038158
447708038159
447708038160
447708038161
447708038162
447708038163
447708038164
447708038165
447708038166
447708038167
447708038168
447708038169
447708038170
447708038171
447708038172
447708038173
447708038174
447708038175
447708038176
447708038177
447708038178
447708038179
447708038180
447708038181
447708038182
447708038183
447708038184
447708038185
447708038186
447708038187
447708038188
447708038189
447708038190
447708038191
447708038192
447708038193
447708038194
447708038195
447708038196
447708038197
447708038198
447708038199
447708038200
447708038201
447708038202
447708038203
447708038204
447708038205
447708038206
447708038207
447708038208
447708038209
447708038210
447708038211
447708038212
447708038213
447708038214
447708038215
447708038216
447708038217
447708038218
447708038219
447708038220
447708038221
447708038222
447708038223
447708038224
447708038225
447708038226
447708038227
447708038228
447708038229
447708038230
447708038231
447708038232
447708038233
447708038234
447708038235
447708038236
447708038237
447708038238
447708038239
447708038240
447708038241
447708038242
447708038243
447708038244
447708038245
447708038246
447708038247
447708038248
447708038249
447708038250
447708038251
447708038252
447708038253
447708038254
447708038255
447708038256
447708038257
447708038258
447708038259
447708038260
447708038261
447708038262
447708038263
447708038264
447708038265
447708038266
447708038267
447708038268
447708038269
447708038270
447708038271
447708038272
447708038273
447708038274
447708038275
447708038276
447708038277
447708038278
447708038279
447708038280
447708038281
447708038282
447708038283
447708038284
447708038285
447708038286
447708038287
447708038288
447708038289
447708038290
447708038291
447708038292
447708038293
447708038294
447708038295
447708038296
447708038297
447708038298
447708038299
447708038300
447708038301
447708038302
447708038303
447708038304
447708038305
447708038306
447708038307
447708038308
447708038309
447708038310
447708038311
447708038312
447708038313
447708038314
447708038315
447708038316
447708038317
447708038318
447708038319
447708038320
447708038321
447708038322
447708038323
447708038324
447708038325
447708038326
447708038327
447708038328
447708038329
447708038330
447708038331
447708038332
447708038333
447708038334
447708038335
447708038336
447708038337
447708038338
447708038339
447708038340
447708038341
447708038342
447708038343
447708038344
447708038345
447708038346
447708038347
447708038348
447708038349
447708038350
447708038351
447708038352
447708038353
447708038354
447708038355
447708038356
447708038357
447708038358
447708038359
447708038360
447708038361
447708038362
447708038363
447708038364
447708038365
447708038366
447708038367
447708038368
447708038369
447708038370
447708038371
447708038372
447708038373
447708038374
447708038375
447708038376
447708038377
447708038378
447708038379
447708038380
447708038381
447708038382
447708038383
447708038384
447708038385
447708038386
447708038387
447708038388
447708038389
447708038390
447708038391
447708038392
447708038393
447708038394
447708038395
447708038396
447708038397
447708038398
447708038399
447708038400
447708038401
447708038402
447708038403
447708038404
447708038405
447708038406
447708038407
447708038408
447708038409
447708038410
447708038411
447708038412
447708038413
447708038414
447708038415
447708038416
447708038417
447708038418
447708038419
447708038420
447708038421
447708038422
447708038423
447708038424
447708038425
447708038426
447708038427
447708038428
447708038429
447708038430
447708038431
447708038432
447708038433
447708038434
447708038435
447708038436
447708038437
447708038438
447708038439
447708038440
447708038441
447708038442
447708038443
447708038444
447708038445
447708038446
447708038447
447708038448
447708038449
447708038450
447708038451
447708038452
447708038453
447708038454
447708038455
447708038456
447708038457
447708038458
447708038459
447708038460
447708038461
447708038462
447708038463
447708038464
447708038465
447708038466
447708038467
447708038468
447708038469
447708038470
447708038471
447708038472
447708038473
447708038474
447708038475
447708038476
447708038477
447708038478
447708038479
447708038480
447708038481
447708038482
447708038483
447708038484
447708038485
447708038486
447708038487
447708038488
447708038489
447708038490
447708038491
447708038492
447708038493
447708038494
447708038495
447708038496
447708038497
447708038498
447708038499
447708038500
447708038501
447708038502
447708038503
447708038504
447708038505
447708038506
447708038507
447708038508
447708038509
447708038510
447708038511
447708038512
447708038513
447708038514
447708038515
447708038516
447708038517
447708038518
447708038519
447708038520
447708038521
447708038522
447708038523
447708038524
447708038525
447708038526
447708038527
447708038528
447708038529
447708038530
447708038531
447708038532
447708038533
447708038534
447708038535
447708038536
447708038537
447708038538
447708038539
447708038540
447708038541
447708038542
447708038543
447708038544
447708038545
447708038546
447708038547
447708038548
447708038549
447708038550
447708038551
447708038552
447708038553
447708038554
447708038555
447708038556
447708038557
447708038558
447708038559
447708038560
447708038561
447708038562
447708038563
447708038564
447708038565
447708038566
447708038567
447708038568
447708038569
447708038570
447708038571
447708038572
447708038573
447708038574
447708038575
447708038576
447708038577
447708038578
447708038579
447708038580
447708038581
447708038582
447708038583
447708038584
447708038585
447708038586
447708038587
447708038588
447708038589
447708038590
447708038591
447708038592
447708038593
447708038594
447708038595
447708038596
447708038597
447708038598
447708038599
447708038600
447708038601
447708038602
447708038603
447708038604
447708038605
447708038606
447708038607
447708038608
447708038609
447708038610
447708038611
447708038612
447708038613
447708038614
447708038615
447708038616
447708038617
447708038618
447708038619
447708038620
447708038621
447708038622
447708038623
447708038624
447708038625
447708038626
447708038627
447708038628
447708038629
447708038630
447708038631
447708038632
447708038633
447708038634
447708038635
447708038636
447708038637
447708038638
447708038639
447708038640
447708038641
447708038642
447708038643
447708038644
447708038645
447708038646
447708038647
447708038648
447708038649
447708038650
447708038651
447708038652
447708038653
447708038654
447708038655
447708038656
447708038657
447708038658
447708038659
447708038660
447708038661
447708038662
447708038663
447708038664
447708038665
447708038666
447708038667
447708038668
447708038669
447708038670
447708038671
447708038672
447708038673
447708038674
447708038675
447708038676
447708038677
447708038678
447708038679
447708038680
447708038681
447708038682
447708038683
447708038684
447708038685
447708038686
447708038687
447708038688
447708038689
447708038690
447708038691
447708038692
447708038693
447708038694
447708038695
447708038696
447708038697
447708038698
447708038699
447708038700
447708038701
447708038702
447708038703
447708038704
447708038705
447708038706
447708038707
447708038708
447708038709
447708038710
447708038711
447708038712
447708038713
447708038714
447708038715
447708038716
447708038717
447708038718
447708038719
447708038720
447708038721
447708038722
447708038723
447708038724
447708038725
447708038726
447708038727
447708038728
447708038729
447708038730
447708038731
447708038732
447708038733
447708038734
447708038735
447708038736
447708038737
447708038738
447708038739
447708038740
447708038741
447708038742
447708038743
447708038744
447708038745
447708038746
447708038747
447708038748
447708038749
447708038750
447708038751
447708038752
447708038753
447708038754
447708038755
447708038756
447708038757
447708038758
447708038759
447708038760
447708038761
447708038762
447708038763
447708038764
447708038765
447708038766
447708038767
447708038768
447708038769
447708038770
447708038771
447708038772
447708038773
447708038774
447708038775
447708038776
447708038777
447708038778
447708038779
447708038780
447708038781
447708038782
447708038783
447708038784
447708038785
447708038786
447708038787
447708038788
447708038789
447708038790
447708038791
447708038792
447708038793
447708038794
447708038795
447708038796
447708038797
447708038798
447708038799
447708038800
447708038801
447708038802
447708038803
447708038804
447708038805
447708038806
447708038807
447708038808
447708038809
447708038810
447708038811
447708038812
447708038813
447708038814
447708038815
447708038816
447708038817
447708038818
447708038819
447708038820
447708038821
447708038822
447708038823
447708038824
447708038825
447708038826
447708038827
447708038828
447708038829
447708038830
447708038831
447708038832
447708038833
447708038834
447708038835
447708038836
447708038837
447708038838
447708038839
447708038840
447708038841
447708038842
447708038843
447708038844
447708038845
447708038846
447708038847
447708038848
447708038849
447708038850
447708038851
447708038852
447708038853
447708038854
447708038855
447708038856
447708038857
447708038858
447708038859
447708038860
447708038861
447708038862
447708038863
447708038864
447708038865
447708038866
447708038867
447708038868
447708038869
447708038870
447708038871
447708038872
447708038873
447708038874
447708038875
447708038876
447708038877
447708038878
447708038879
447708038880
447708038881
447708038882
447708038883
447708038884
447708038885
447708038886
447708038887
447708038888
447708038889
447708038890
447708038891
447708038892
447708038893
447708038894
447708038895
447708038896
447708038897
447708038898
447708038899
447708038900
447708038901
447708038902
447708038903
447708038904
447708038905
447708038906
447708038907
447708038908
447708038909
447708038910
447708038911
447708038912
447708038913
447708038914
447708038915
447708038916
447708038917
447708038918
447708038919
447708038920
447708038921
447708038922
447708038923
447708038924
447708038925
447708038926
447708038927
447708038928
447708038929
447708038930
447708038931
447708038932
447708038933
447708038934
447708038935
447708038936
447708038937
447708038938
447708038939
447708038940
447708038941
447708038942
447708038943
447708038944
447708038945
447708038946
447708038947
447708038948
447708038949
447708038950
447708038951
447708038952
447708038953
447708038954
447708038955
447708038956
447708038957
447708038958
447708038959
447708038960
447708038961
447708038962
447708038963
447708038964
447708038965
447708038966
447708038967
447708038968
447708038969
447708038970
447708038971
447708038972
447708038973
447708038974
447708038975
447708038976
447708038977
447708038978
447708038979
447708038980
447708038981
447708038982
447708038983
447708038984
447708038985
447708038986
447708038987
447708038988
447708038989
447708038990
447708038991
447708038992
447708038993
447708038994
447708038995
447708038996
447708038997
447708038998
447708038999
447708039000
447708039001
447708039002
447708039003
447708039004
447708039005
447708039006
447708039007
447708039008
447708039009
447708039010
447708039011
447708039012
447708039013
447708039014
447708039015
447708039016
447708039017
447708039018
447708039019
447708039020
447708039021
447708039022
447708039023
447708039024
447708039025
447708039026
447708039027
447708039028
447708039029
447708039030
447708039031
447708039032
447708039033
447708039034
447708039035
447708039036
447708039037
447708039038
447708039039
447708039040
447708039041
447708039042
447708039043
447708039044
447708039045
447708039046
447708039047
447708039048
447708039049
447708039050
447708039051
447708039052
447708039053
447708039054
447708039055
447708039056
447708039057
447708039058
447708039059
447708039060
447708039061
447708039062
447708039063
447708039064
447708039065
447708039066
447708039067
447708039068
447708039069
447708039070
447708039071
447708039072
447708039073
447708039074
447708039075
447708039076
447708039077
447708039078
447708039079
447708039080
447708039081
447708039082
447708039083
447708039084
447708039085
447708039086
447708039087
447708039088
447708039089
447708039090
447708039091
447708039092
447708039093
447708039094
447708039095
447708039096
447708039097
447708039098
447708039099
447708039100
447708039101
447708039102
447708039103
447708039104
447708039105
447708039106
447708039107
447708039108
447708039109
447708039110
447708039111
447708039112
447708039113
447708039114
447708039115
447708039116
447708039117
447708039118
447708039119
447708039120
447708039121
447708039122
447708039123
447708039124
447708039125
447708039126
447708039127
447708039128
447708039129
447708039130
447708039131
447708039132
447708039133
447708039134
447708039135
447708039136
447708039137
447708039138
447708039139
447708039140
447708039141
447708039142
447708039143
447708039144
447708039145
447708039146
447708039147
447708039148
447708039149
447708039150
447708039151
447708039152
447708039153
447708039154
447708039155
447708039156
447708039157
447708039158
447708039159
447708039160
447708039161
447708039162
447708039163
447708039164
447708039165
447708039166
447708039167
447708039168
447708039169
447708039170
447708039171
447708039172
447708039173
447708039174
447708039175
447708039176
447708039177
447708039178
447708039179
447708039180
447708039181
447708039182
447708039183
447708039184
447708039185
447708039186
447708039187
447708039188
447708039189
447708039190
447708039191
447708039192
447708039193
447708039194
447708039195
447708039196
447708039197
447708039198
447708039199
447708039200
447708039201
447708039202
447708039203
447708039204
447708039205
447708039206
447708039207
447708039208
447708039209
447708039210
447708039211
447708039212
447708039213
447708039214
447708039215
447708039216
447708039217
447708039218
447708039219
447708039220
447708039221
447708039222
447708039223
447708039224
447708039225
447708039226
447708039227
447708039228
447708039229
447708039230
447708039231
447708039232
447708039233
447708039234
447708039235
447708039236
447708039237
447708039238
447708039239
447708039240
447708039241
447708039242
447708039243
447708039244
447708039245
447708039246
447708039247
447708039248
447708039249
447708039250
447708039251
447708039252
447708039253
447708039254
447708039255
447708039256
447708039257
447708039258
447708039259
447708039260
447708039261
447708039262
447708039263
447708039264
447708039265
447708039266
447708039267
447708039268
447708039269
447708039270
447708039271
447708039272
447708039273
447708039274
447708039275
447708039276
447708039277
447708039278
447708039279
447708039280
447708039281
447708039282
447708039283
447708039284
447708039285
447708039286
447708039287
447708039288
447708039289
447708039290
447708039291
447708039292
447708039293
447708039294
447708039295
447708039296
447708039297
447708039298
447708039299
447708039300
447708039301
447708039302
447708039303
447708039304
447708039305
447708039306
447708039307
447708039308
447708039309
447708039310
447708039311
447708039312
447708039313
447708039314
447708039315
447708039316
447708039317
447708039318
447708039319
447708039320
447708039321
447708039322
447708039323
447708039324
447708039325
447708039326
447708039327
447708039328
447708039329
447708039330
447708039331
447708039332
447708039333
447708039334
447708039335
447708039336
447708039337
447708039338
447708039339
447708039340
447708039341
447708039342
447708039343
447708039344
447708039345
447708039346
447708039347
447708039348
447708039349
447708039350
447708039351
447708039352
447708039353
447708039354
447708039355
447708039356
447708039357
447708039358
447708039359
447708039360
447708039361
447708039362
447708039363
447708039364
447708039365
447708039366
447708039367
447708039368
447708039369
447708039370
447708039371
447708039372
447708039373
447708039374
447708039375
447708039376
447708039377
447708039378
447708039379
447708039380
447708039381
447708039382
447708039383
447708039384
447708039385
447708039386
447708039387
447708039388
447708039389
447708039390
447708039391
447708039392
447708039393
447708039394
447708039395
447708039396
447708039397
447708039398
447708039399
447708039400
447708039401
447708039402
447708039403
447708039404
447708039405
447708039406
447708039407
447708039408
447708039409
447708039410
447708039411
447708039412
447708039413
447708039414
447708039415
447708039416
447708039417
447708039418
447708039419
447708039420
447708039421
447708039422
447708039423
447708039424
447708039425
447708039426
447708039427
447708039428
447708039429
447708039430
447708039431
447708039432
447708039433
447708039434
447708039435
447708039436
447708039437
447708039438
447708039439
447708039440
447708039441
447708039442
447708039443
447708039444
447708039445
447708039446
447708039447
447708039448
447708039449
447708039450
447708039451
447708039452
447708039453
447708039454
447708039455
447708039456
447708039457
447708039458
447708039459
447708039460
447708039461
447708039462
447708039463
447708039464
447708039465
447708039466
447708039467
447708039468
447708039469
447708039470
447708039471
447708039472
447708039473
447708039474
447708039475
447708039476
447708039477
447708039478
447708039479
447708039480
447708039481
447708039482
447708039483
447708039484
447708039485
447708039486
447708039487
447708039488
447708039489
447708039490
447708039491
447708039492
447708039493
447708039494
447708039495
447708039496
447708039497
447708039498
447708039499
447708039500
447708039501
447708039502
447708039503
447708039504
447708039505
447708039506
447708039507
447708039508
447708039509
447708039510
447708039511
447708039512
447708039513
447708039514
447708039515
447708039516
447708039517
447708039518
447708039519
447708039520
447708039521
447708039522
447708039523
447708039524
447708039525
447708039526
447708039527
447708039528
447708039529
447708039530
447708039531
447708039532
447708039533
447708039534
447708039535
447708039536
447708039537
447708039538
447708039539
447708039540
447708039541
447708039542
447708039543
447708039544
447708039545
447708039546
447708039547
447708039548
447708039549
447708039550
447708039551
447708039552
447708039553
447708039554
447708039555
447708039556
447708039557
447708039558
447708039559
447708039560
447708039561
447708039562
447708039563
447708039564
447708039565
447708039566
447708039567
447708039568
447708039569
447708039570
447708039571
447708039572
447708039573
447708039574
447708039575
447708039576
447708039577
447708039578
447708039579
447708039580
447708039581
447708039582
447708039583
447708039584
447708039585
447708039586
447708039587
447708039588
447708039589
447708039590
447708039591
447708039592
447708039593
447708039594
447708039595
447708039596
447708039597
447708039598
447708039599
447708039600
447708039601
447708039602
447708039603
447708039604
447708039605
447708039606
447708039607
447708039608
447708039609
447708039610
447708039611
447708039612
447708039613
447708039614
447708039615
447708039616
447708039617
447708039618
447708039619
447708039620
447708039621
447708039622
447708039623
447708039624
447708039625
447708039626
447708039627
447708039628
447708039629
447708039630
447708039631
447708039632
447708039633
447708039634
447708039635
447708039636
447708039637
447708039638
447708039639
447708039640
447708039641
447708039642
447708039643
447708039644
447708039645
447708039646
447708039647
447708039648
447708039649
447708039650
447708039651
447708039652
447708039653
447708039654
447708039655
447708039656
447708039657
447708039658
447708039659
447708039660
447708039661
447708039662
447708039663
447708039664
447708039665
447708039666
447708039667
447708039668
447708039669
447708039670
447708039671
447708039672
447708039673
447708039674
447708039675
447708039676
447708039677
447708039678
447708039679
447708039680
447708039681
447708039682
447708039683
447708039684
447708039685
447708039686
447708039687
447708039688
447708039689
447708039690
447708039691
447708039692
447708039693
447708039694
447708039695
447708039696
447708039697
447708039698
447708039699
447708039700
447708039701
447708039702
447708039703
447708039704
447708039705
447708039706
447708039707
447708039708
447708039709
447708039710
447708039711
447708039712
447708039713
447708039714
447708039715
447708039716
447708039717
447708039718
447708039719
447708039720
447708039721
447708039722
447708039723
447708039724
447708039725
447708039726
447708039727
447708039728
447708039729
447708039730
447708039731
447708039732
447708039733
447708039734
447708039735
447708039736
447708039737
447708039738
447708039739
447708039740
447708039741
447708039742
447708039743
447708039744
447708039745
447708039746
447708039747
447708039748
447708039749
447708039750
447708039751
447708039752
447708039753
447708039754
447708039755
447708039756
447708039757
447708039758
447708039759
447708039760
447708039761
447708039762
447708039763
447708039764
447708039765
447708039766
447708039767
447708039768
447708039769
447708039770
447708039771
447708039772
447708039773
447708039774
447708039775
447708039776
447708039777
447708039778
447708039779
447708039780
447708039781
447708039782
447708039783
447708039784
447708039785
447708039786
447708039787
447708039788
447708039789
447708039790
447708039791
447708039792
447708039793
447708039794
447708039795
447708039796
447708039797
447708039798
447708039799
447708039800
447708039801
447708039802
447708039803
447708039804
447708039805
447708039806
447708039807
447708039808
447708039809
447708039810
447708039811
447708039812
447708039813
447708039814
447708039815
447708039816
447708039817
447708039818
447708039819
447708039820
447708039821
447708039822
447708039823
447708039824
447708039825
447708039826
447708039827
447708039828
447708039829
447708039830
447708039831
447708039832
447708039833
447708039834
447708039835
447708039836
447708039837
447708039838
447708039839
447708039840
447708039841
447708039842
447708039843
447708039844
447708039845
447708039846
447708039847
447708039848
447708039849
447708039850
447708039851
447708039852
447708039853
447708039854
447708039855
447708039856
447708039857
447708039858
447708039859
447708039860
447708039861
447708039862
447708039863
447708039864
447708039865
447708039866
447708039867
447708039868
447708039869
447708039870
447708039871
447708039872
447708039873
447708039874
447708039875
447708039876
447708039877
447708039878
447708039879
447708039880
447708039881
447708039882
447708039883
447708039884
447708039885
447708039886
447708039887
447708039888
447708039889
447708039890
447708039891
447708039892
447708039893
447708039894
447708039895
447708039896
447708039897
447708039898
447708039899
447708039900
447708039901
447708039902
447708039903
447708039904
447708039905
447708039906
447708039907
447708039908
447708039909
447708039910
447708039911
447708039912
447708039913
447708039914
447708039915
447708039916
447708039917
447708039918
447708039919
447708039920
447708039921
447708039922
447708039923
447708039924
447708039925
447708039926
447708039927
447708039928
447708039929
447708039930
447708039931
447708039932
447708039933
447708039934
447708039935
447708039936
447708039937
447708039938
447708039939
447708039940
447708039941
447708039942
447708039943
447708039944
447708039945
447708039946
447708039947
447708039948
447708039949
447708039950
447708039951
447708039952
447708039953
447708039954
447708039955
447708039956
447708039957
447708039958
447708039959
447708039960
447708039961
447708039962
447708039963
447708039964
447708039965
447708039966
447708039967
447708039968
447708039969
447708039970
447708039971
447708039972
447708039973
447708039974
447708039975
447708039976
447708039977
447708039978
447708039979
447708039980
447708039981
447708039982
447708039983
447708039984
447708039985
447708039986
447708039987
447708039988
447708039989
447708039990
447708039991
447708039992
447708039993
447708039994
447708039995
447708039996
447708039997
447708039998
447708039999
